Test RMSE: 0.0576
Test MAE: 0.0476
Test R²: -2.0817
Test MAPE: 5.02%
Test PCC: [0.27528563 0.20793125 0.24225906 0.3450083  0.21802141 0.37699237
 0.17546828 0.26003024 0.18918964 0.14990918 0.42578757 0.30090287
 0.27320704 0.20488797 0.30934715 0.22497496 0.22929202 0.06072526
 0.21936087 0.3386822  0.19494925 0.325458   0.21058853 0.22069784
 0.22903699 0.2425692  0.29556462 0.20305851 0.18625961 0.24783058
 0.2502866  0.25450507 0.11561643 0.2581497  0.23352452 0.36990076
 0.34495425 0.23090436 0.18514085 0.2181188  0.20306647 0.32639265
 0.16045551 0.24342038 0.2003804  0.28882945 0.20917036 0.25154078
 0.28746894 0.35607427 0.19362657 0.30212557 0.22896296 0.25328755
 0.18837245 0.25202653 0.29953194 0.22039646 0.32010978 0.16916154
 0.22987683 0.1310169  0.2568001  0.29352695 0.22615981 0.21167281
 0.28567585 0.26155412 0.39076898 0.21598808 0.20822525 0.3189998
 0.3242127  0.21438614 0.34488532 0.26006946 0.1609829  0.31486255
 0.28398195 0.14102611 0.27343756 0.32139057 0.14493008 0.21948299
 0.3996176  0.25709605 0.24381006 0.22746453 0.2521189  0.42538768
 0.18480948 0.21971822 0.33465865 0.29966605 0.27060306 0.21351272
 0.29688415 0.2895403  0.2111036  0.297415  ]
Test MDA: 0.00037335019220283047
