Test RMSE: 0.1524
Test MAE: 0.0839
Test R²: 0.4837
Test PCC: [0.9841043  0.9768443  0.967144   0.95726    0.94953567 0.94015616
 0.93405414 0.9232312  0.9164147  0.90163505 0.8969733  0.8904268
 0.8798498  0.8778921  0.867762   0.86215794 0.8441015  0.8426043
 0.83008546 0.830569   0.81558543 0.81977564 0.8204099  0.81050193
 0.78804874 0.7849666  0.78977454 0.78303194 0.7810766  0.7658611
 0.7558679  0.75746214 0.76070815 0.7459155  0.721349   0.7367426
 0.72669137 0.72190374 0.73580116 0.7054679  0.7063202  0.7097747
 0.68945163 0.6977896  0.6870764  0.6730386  0.6783896  0.6823085
 0.6766762  0.67555946 0.6570811  0.66837054 0.6557335  0.6462871
 0.63948804 0.6537999  0.64510477 0.64442694 0.64068896 0.6410837
 0.63061535 0.6220679  0.62685215 0.6180996  0.61858535 0.6043251
 0.61809224 0.6240132  0.6059584  0.5913042  0.59144956 0.59420353
 0.6044838  0.6035771  0.593106   0.5902392  0.57783437 0.5298648
 0.5728877  0.5682141  0.5722475  0.5659568  0.5659685  0.5751908
 0.5611553  0.574214   0.55548865 0.55551547 0.5569896  0.5468492
 0.5270514  0.54618144 0.5125621  0.53827196 0.5204149  0.518362
 0.5276455  0.48995307 0.51306736 0.520772  ]
Test MDA: 0.5299450357187078
