Test RMSE: 0.1321
Test MAE: 0.0712
Test R²: 0.6120
Test PCC: [0.98621356 0.9776475  0.9693318  0.9613638  0.953727   0.94613916
 0.93886876 0.9317082  0.9249345  0.9179954  0.9117449  0.90605426
 0.89990807 0.89362615 0.88814515 0.8825293  0.87699133 0.8729525
 0.8684362  0.86326724 0.8589253  0.85422635 0.85117984 0.84689295
 0.84375846 0.8410351  0.8365885  0.8344819  0.8301856  0.8293467
 0.82601887 0.8235276  0.8242722  0.8187331  0.8172325  0.8139639
 0.8123899  0.8117475  0.8109838  0.8064241  0.8068472  0.8018449
 0.80460155 0.79916954 0.7980709  0.79748666 0.7926754  0.7955728
 0.79270464 0.78844273 0.7878803  0.78532606 0.78457683 0.7817052
 0.7841939  0.7800405  0.7756755  0.77646524 0.77583396 0.77336276
 0.7703323  0.7652933  0.762281   0.7586654  0.7569365  0.7553542
 0.7520358  0.74816734 0.7438744  0.74043393 0.7322764  0.7325482
 0.7260565  0.72201127 0.713913   0.7141782  0.7096537  0.70203424
 0.69840854 0.6983899  0.689884   0.6885528  0.68683577 0.6798055
 0.6726594  0.6715574  0.6658529  0.661823   0.6550801  0.6518838
 0.6497051  0.645978   0.6383749  0.6370656  0.6348996  0.63235074
 0.62633556 0.623903   0.6264099  0.61926115]
Test MDA: 0.6652151885408236
