Test RMSE: 0.1545
Test MAE: 0.0871
Test R²: 0.4699
Test PCC: [0.9836163  0.97156435 0.96483123 0.9559558  0.9445387  0.9385501
 0.93171936 0.9207128  0.9152523  0.9079826  0.90129715 0.8917364
 0.8772884  0.87426466 0.8683733  0.864479   0.84700006 0.84041256
 0.8300854  0.81793475 0.8097281  0.8013927  0.7990465  0.8101048
 0.78082824 0.7831335  0.7868003  0.78520685 0.7672213  0.7558602
 0.75819516 0.7568331  0.7471733  0.73284227 0.7011316  0.72814494
 0.71160877 0.7254438  0.70941323 0.6642542  0.68699074 0.6837594
 0.6895691  0.68892753 0.65253466 0.66714615 0.6637638  0.65834403
 0.66276395 0.6404076  0.6548669  0.63381183 0.64877015 0.65218425
 0.64602715 0.6579291  0.6362526  0.62952834 0.63009286 0.6051054
 0.6094756  0.6127012  0.59981924 0.6130455  0.6094452  0.6263996
 0.59752613 0.5971712  0.6115896  0.5854558  0.5498017  0.58374065
 0.56114763 0.5736885  0.5589457  0.56736416 0.5604008  0.568872
 0.5616343  0.5669629  0.5585158  0.55718714 0.5594564  0.5426339
 0.54084504 0.55542046 0.53835475 0.5234698  0.53557396 0.5368114
 0.505645   0.52903485 0.52007693 0.5077466  0.5346857  0.50098103
 0.5081551  0.51806873 0.4955967  0.49595404]
Test MDA: 0.518321128020897
