Test RMSE: 0.1324
Test MAE: 0.0717
Test R²: 0.6104
Test PCC: [0.98602957 0.9775367  0.96920246 0.96123505 0.95358056 0.9459684
 0.93866044 0.9314457  0.9246286  0.917609   0.9113087  0.9053604
 0.899744   0.89306927 0.8876381  0.88218284 0.8765382  0.8723563
 0.8682626  0.8625236  0.858451   0.8537565  0.8503516  0.84607196
 0.843323   0.84038305 0.8363756  0.8339401  0.8297362  0.8289901
 0.8249749  0.82315344 0.8235902  0.8184193  0.8167146  0.81337774
 0.81148136 0.8112099  0.8103856  0.80540186 0.8061918  0.80307716
 0.80394065 0.79962856 0.7968213  0.7968596  0.79192466 0.7917998
 0.7916176  0.78751    0.7849639  0.7840324  0.7836648  0.77823
 0.78246355 0.77886087 0.77400696 0.7760117  0.77264285 0.7720447
 0.7690321  0.7645617  0.76021606 0.7562575  0.7559878  0.753518
 0.7501161  0.74592924 0.74280614 0.73895496 0.73023295 0.7322448
 0.7257474  0.72010386 0.7136716  0.71471876 0.70621735 0.7016509
 0.6972041  0.6975801  0.68796957 0.68967086 0.6839203  0.67612
 0.6707444  0.67092806 0.6649714  0.66167945 0.6522952  0.6515782
 0.64856374 0.6455097  0.63643116 0.6354859  0.6305823  0.6295345
 0.62595373 0.6231983  0.62588316 0.6186146 ]
Test MDA: 0.5633557102379273
